accuracy	0.820501	0.814590	0.808702	0.802693	0.796572	0.790746	0.784764	0.778824	0.772915	0.766853	0.760988
precision	0.775778	0.771488	0.767316	0.763127	0.758592	0.755023	0.751105	0.747457	0.744351	0.740056	0.380494
recall	0.681732	0.663602	0.645600	0.627301	0.608877	0.590920	0.572695	0.554542	0.536392	0.517968	0.500000
f1score	0.707373	0.688848	0.669112	0.647522	0.624024	0.599206	0.571785	0.541902	0.509030	0.472174	0.432135
mcc	0.447712	0.421476	0.394539	0.366007	0.335554	0.304511	0.270179	0.232308	0.188546	0.131281	0.000000
wcspd	0.195984	0.176339	0.156958	0.137217	0.117663	0.098032	0.078604	0.058823	0.039188	0.019516	0.000000
wcaod	0.203190	0.183177	0.163713	0.143038	0.124122	0.103091	0.083811	0.063203	0.042783	0.022558	0.000000
wceod	0.321446	0.290183	0.259779	0.227278	0.197889	0.164425	0.134100	0.101657	0.069419	0.037528	0.000000
avespd	0.086157	0.077581	0.068923	0.060378	0.051647	0.043082	0.034527	0.025870	0.017299	0.008657	0.000000
aveaod	0.097973	0.088292	0.078386	0.068512	0.058742	0.048840	0.039462	0.029441	0.019654	0.010109	0.000000
aveeod	0.159501	0.143819	0.127635	0.111456	0.095577	0.079496	0.064460	0.048160	0.032156	0.016779	0.000000
