accuracy	0.671709	0.659940	0.647910	0.634973	0.622597	0.610673	0.598906	0.586207	0.573732	0.561925	0.549677
precision	0.668894	0.659181	0.650476	0.641545	0.634087	0.627786	0.622862	0.616179	0.610576	0.607204	0.274838
recall	0.662346	0.646579	0.630456	0.613489	0.597097	0.581184	0.565349	0.548676	0.532107	0.516293	0.500000
f1score	0.663035	0.645921	0.626685	0.604575	0.580710	0.554680	0.525242	0.491086	0.451647	0.407446	0.354686
mcc	0.331174	0.305497	0.280212	0.253477	0.228192	0.203691	0.179186	0.150373	0.119124	0.083517	0.000000
wcspd	0.504451	0.455306	0.404815	0.354680	0.304839	0.254913	0.206203	0.156306	0.105160	0.055177	0.000000
wcaod	0.481857	0.435698	0.387082	0.339427	0.293285	0.244016	0.200588	0.152968	0.104771	0.057836	0.000000
wceod	0.364315	0.328373	0.291671	0.257960	0.222223	0.187096	0.149248	0.115266	0.077326	0.041552	0.000000
avespd	0.187091	0.168735	0.150122	0.131290	0.112492	0.094210	0.075540	0.057533	0.038282	0.020404	0.000000
aveaod	0.169010	0.152528	0.136085	0.118974	0.102002	0.085438	0.069162	0.053331	0.036039	0.020249	0.000000
aveeod	0.135538	0.122003	0.108263	0.095033	0.081861	0.068691	0.054916	0.042474	0.028829	0.015796	0.000000
