accuracy	0.809756	0.806716	0.803901	0.800878	0.797980	0.794926	0.791968	0.789003	0.786009	0.783063	0.780111
precision	0.763254	0.760778	0.759428	0.757364	0.755892	0.753417	0.751681	0.749864	0.747173	0.745483	0.390056
recall	0.601193	0.591054	0.581155	0.570899	0.560859	0.550623	0.540483	0.530342	0.520252	0.510132	0.500000
f1score	0.617307	0.603240	0.588841	0.573194	0.557058	0.539778	0.521682	0.502559	0.482458	0.461029	0.438234
mcc	0.326377	0.308127	0.290134	0.270095	0.249512	0.226452	0.201799	0.174050	0.141377	0.099550	0.000000
wcspd	0.070550	0.064055	0.057104	0.050764	0.043732	0.036642	0.030742	0.023541	0.018019	0.009595	0.000000
wcaod	0.069358	0.063528	0.057248	0.051954	0.045562	0.038929	0.034364	0.027491	0.022005	0.012998	0.000000
wceod	0.106072	0.098131	0.089764	0.082537	0.073492	0.064515	0.058855	0.048653	0.039014	0.024459	0.000000
avespd	0.028678	0.025876	0.022960	0.020093	0.017104	0.014290	0.011742	0.008837	0.006442	0.003327	0.000000
aveaod	0.026972	0.024528	0.022059	0.019578	0.017071	0.014534	0.012425	0.009926	0.007587	0.004341	0.000000
aveeod	0.040067	0.036623	0.033865	0.030268	0.027065	0.023518	0.020746	0.017085	0.013255	0.008057	0.000000
