accuracy	0.737167	0.733842	0.729417	0.726300	0.723842	0.720925	0.716800	0.713700	0.710133	0.706908	0.703667
precision	0.683227	0.676652	0.668774	0.663914	0.659152	0.655504	0.649103	0.645301	0.638592	0.641142	0.351833
recall	0.671133	0.654430	0.635277	0.619300	0.602615	0.586099	0.568833	0.551565	0.533829	0.516635	0.500000
f1score	0.673551	0.659751	0.642029	0.625640	0.606566	0.585306	0.560242	0.531290	0.496870	0.457742	0.412934
mcc	0.353482	0.329611	0.301449	0.278788	0.254768	0.230500	0.201665	0.172108	0.135842	0.095387	0.000000
wcspd	0.294344	0.269213	0.247143	0.218714	0.195839	0.168014	0.148375	0.121994	0.091546	0.061498	0.000000
wcaod	0.258225	0.240625	0.225667	0.200955	0.185403	0.164292	0.148130	0.126822	0.101089	0.069384	0.000000
wceod	0.282708	0.261675	0.241033	0.215185	0.188547	0.164702	0.145238	0.125093	0.093219	0.058996	0.000000
avespd	0.111649	0.101667	0.092567	0.080301	0.071847	0.060748	0.051936	0.042178	0.031244	0.020583	0.000000
aveaod	0.094264	0.088067	0.082232	0.071727	0.066396	0.058085	0.050799	0.042705	0.034031	0.023334	0.000000
aveeod	0.104719	0.096155	0.087913	0.077681	0.067215	0.057206	0.049290	0.041986	0.031907	0.020416	0.000000
