accuracy	0.859339	0.856125	0.853063	0.849654	0.846567	0.843385	0.840062	0.837018	0.833825	0.830545	0.827427
precision	0.779209	0.776510	0.774282	0.771079	0.768921	0.766465	0.763209	0.761918	0.759237	0.755457	0.413713
recall	0.656551	0.640806	0.625522	0.609293	0.593822	0.578265	0.562316	0.546969	0.531410	0.515480	0.500000
f1score	0.689379	0.672797	0.655641	0.636031	0.615991	0.594246	0.570144	0.544945	0.517186	0.486072	0.452777
mcc	0.418057	0.394546	0.371004	0.344143	0.317576	0.288688	0.255986	0.221626	0.180258	0.125436	0.000000
wcspd	0.074808	0.067545	0.060206	0.052321	0.044850	0.038023	0.030000	0.023036	0.015410	0.008502	0.000000
wcaod	0.058635	0.055209	0.049397	0.045322	0.040356	0.036977	0.031176	0.026692	0.021155	0.014807	0.000000
wceod	0.094151	0.089953	0.080951	0.076335	0.069447	0.064381	0.056576	0.048798	0.040125	0.028889	0.000000
avespd	0.024698	0.022339	0.019907	0.017532	0.015011	0.012884	0.010170	0.007867	0.005304	0.002927	0.000000
aveaod	0.019526	0.018327	0.016290	0.015141	0.013505	0.012502	0.010440	0.008904	0.007162	0.004972	0.000000
aveeod	0.030522	0.029353	0.026516	0.025119	0.023152	0.021737	0.018846	0.016268	0.013553	0.009758	0.000000
