accuracy	0.856134	0.853804	0.851638	0.849337	0.846977	0.844757	0.842265	0.840128	0.837779	0.835352	0.833202
precision	0.762315	0.760020	0.758416	0.756511	0.754294	0.752538	0.749349	0.748455	0.746374	0.739348	0.416601
recall	0.632082	0.618812	0.605903	0.592575	0.579111	0.566274	0.552491	0.539714	0.526290	0.513039	0.500000
f1score	0.662424	0.647421	0.631940	0.614880	0.596403	0.577567	0.555794	0.534014	0.509322	0.482963	0.454502
mcc	0.372176	0.351427	0.330745	0.308079	0.283534	0.258605	0.228631	0.198467	0.160699	0.111413	0.000000
wcspd	0.075488	0.067897	0.060229	0.052956	0.044957	0.038266	0.030416	0.023031	0.015590	0.008508	0.000000
wcaod	0.061256	0.056631	0.052216	0.047992	0.042975	0.038513	0.033454	0.028932	0.021704	0.015491	0.000000
wceod	0.095537	0.089419	0.084788	0.080168	0.073647	0.066883	0.059508	0.052974	0.040675	0.029873	0.000000
avespd	0.024965	0.022571	0.020101	0.017735	0.015175	0.012996	0.010339	0.007935	0.005446	0.002969	0.000000
aveaod	0.021319	0.019862	0.018319	0.016676	0.014891	0.013452	0.011612	0.009803	0.007516	0.005282	0.000000
aveeod	0.033465	0.031432	0.029664	0.027523	0.025161	0.023055	0.020406	0.017729	0.013867	0.010131	0.000000
